GJ1	GJ2	NJ1	NJ2	HP
12.39	42.43	33.580001	137.960001	98.5
12.97	29.96	4.81479	72.510001	0
14.42	29.96	31.92	141.290002	118.489999
14.35	29.96	52.75	156.670002	120.879999
26.85	70.81	80.690912	178.670001	296.910002
30.29	96.939999	134.538179	274.399996	209.957271
51.35	169.779999	370.099996	644.300003	812.729991
13.27	41.7	16.43	409.547492	134.08
25.5	41.85	119.39	422.289993	305.960001
20.86	44.59	110.580001	309.399999	309.649998
28.79	69.99	66.930001	288.369997	299.900005
7.05	23.37	86.509998	309.479999	125.460002
88.28	174.270004	202.089999	432.280005	513.013323
336.389998	368.340007	1164.86998	1418.319969	1737.269998
33.13	99.75	115.74	156.17	199.400001
190.089997	214.259996	488.730006	669.010007	795.280003
269.710002	714.489981	2074.750029	2218.230043	2698.279938
219.609998	169.779997	394.880003	526.049994	737.669993
59.07	99.029999	92.750001	241.159999	302.449996
24.55	106.539998	98.149999	234.790004	272.770001
25.71	63.38	18.45	248.239993	265.850002
34.7	50.26	0	199.220002	145.399999
28.88	44.38	256.26	170.880003	182.499998
70.51	106.48	138.400002	274.579999	476.8
29.78	33.85	0	175.765389	165.470002
31.81	67.77	0	185.765384	241.320001
72.16	86.46	0	202.68847	396.740002
87.45	81.27	0	211.919238	320.160004
21.72	69.38	184.810003	223.457689	208.059998
49.02	96.140002	216.91	235.765397	325.680004
33.99	70.61	181.1	237.879999	241.620005
21.75	79.970001	176.000004	212.869999	221.119998
27.23	81.570001	152.540001	273.919998	225.149996
19.48	65.690001	219.979999	326.89	217.809998
31.44	73.68	357.09	262.439999	256.91
49.6	150.03	341.910004	430.569996	448.600002
959.880023	1425.650014	4830.670005	5128.530059	6147.64009
89.619999	194.150003	391.830002	559.019992	419.15
49.47	138.2	351.63001	558.589996	312.210004
333.01999	532.139996	1190.540001	1194.96999	1426.630038
54.9	116.870001	215.129997	234.510002	345.669998
39.04	92.53	153.649998	143.18	208.989999
36.35	73.02	138.850002	52.120003	248.459997
14.5	72.27	85.55	70.060001	161.96
13.53	158.020004	105.029999	9.15	118.309998
26.72	151.099998	221.059998	319.939998	326.669997
29	96.13	153.019997	194.959998	312.279997
18.83	71.22	95.93	178.439997	177.569998
13.88	54.82	98.22	140.420002	183.749999
8.68	59.78	67.93	129.980001	174.65
7.17	61.31	70.02	89.57	121.749998
7.49	54.44	78.47	105.75	164.200001
6.56	65.1	58.87	137.880001	155.199999
9.64	69.07	98.690002	197.370003	220.939999
12.13	68.81	94.69	195.970002	240.790002
9.33	81.309999	119.889999	183.26	164.569998
25.74	114.349999	209.93	295.180004	293.399998
18.99	108.96	204.080002	294.540002	189.369999
35.03	107.810001	243.119997	264.340007	252.269999
17.33	96.709999	185.390002	218.319998	192.4
61.71	161.1	282.570002	208.379998	290.185001
286.409995	603.689999	2429.359957	2464.710047	3260.779971
90.789998	168.93	367.740004	319.190004	580.879997
349.390008	494.129997	1568.489969	1496.879982	2356.539992
223.550005	283.730004	872.189992	747.609994	1270.609984
34.28	113.589998	142.72	163.83	221.09
25.32	120.770001	153.589998	187.710002	270.959994
14.15	92.72	128.900001	161.880002	189.880001
21.69	88.23	119.070001	178.539997	243.399997
56.939999	183.75	344.479992	370.129996	527.390004
89.249999	189.560003	447.419997	401.539993	692.549994
47.13	97.2	154.749997	147.049999	273.010006
63.47	109.38	162.180001	164.080001	284.800003
31.65	84.82	168.6	151.08	237.130001
30.65	80.96	137.449999	137.530002	166.469999
26.47	77.69	146.730001	165.519998	178.809999
23.98	71.09	131.9	134.07	189.080002
32.1	97.030001	184.779998	244.530002	232.77
46.18	118.990001	260.659999	284.72	323.999999
46.03	87.805	188.329998	220.600001	249.809999
44.16	92.94	197.939999	236.680003	229.450002
24.23	81.76	155.689999	234.440002	184.729997
37.69	108.069999	219.109999	200.410005	204.600003
43.67	152.419997	267.690001	293.740005	255.779998
42.58	114.759998	209.829996	290.459997	200.430002
72.45	145.720001	324.190002	365.710003	239.189999
21.3	120	194.810002	215.039998	127.360003
75.04	196.949999	397.279996	328.069999	492.050001
48.49	173.280001	300.94	248.069998	395.130001
23.98	78.21	153.750003	158.059999	155.889998
35.49	78.32	166.669998	197.559997	185.46
11.93	70.66	133.269997	163.600003	96.47
15.54	85.33	165.14	204.590002	180.66
50.45	104.63	234.099994	218.669996	365.100002
46.08	97.809999	187.35	263.239999	255.390004
42.55	89.29	195.039999	183.219999	241.279999
14.7	80.36	152.21	186.900002	158.349995
16.72	89.22	166.330001	157.020001	184.24
52.08	146.709999	368.159999	296.940005	489.339997
27.28	81.77	175.900002	228.019998	260.660001
64.619999	136.269998	272.180002	298.73	439.509993
54.23	105.53	215.189998	273.700001	335.640001
27.62	85.71	158.799998	263.21	211.92
101.679997	192.390003	438.820008	499.969993	528.569999
74.57	112.909999	230.86	200.809996	375.439998
43.57	86.37	182.970002	258.55	243.819996
30.69	77.78	167.520005	254.97	222.709997
19.79	79.17	170.740002	226.229999	161.04
76.960001	159.209998	299.700005	381.169994	417.970001
117.04	177.239997	402.470003	514.26	519.239996
129.949999	194.19	492.090001	481.359997	633.25
175.570001	281.839999	810.709988	934.009991	1012.190008
173.8	231.900002	621.910012	710.499997	776.500007
94.900002	156.650003	352.799999	377.010003	440.870004
35.49	90.15	201.760001	227.660004	172.940001
58.35	129.300001	239.810001	418.209999	347.280003
63.42	141.69	253.899999	290.019996	318.910002
45.36	120.83	220.870001	332.979997	303.64
49.09	145.080001	259.589996	426.669996	329.659995
83.83	222.400003	513.369996	629.790001	683.340002
464.599998	826.090001	2278.129961	2409.399978	3052.769979
246.940001	436.85001	933.740002	1010.180002	1073.839982
79.35	163.939998	377.439997	555.440002	525.030007
39.33	121.320001	249.17	249.820002	243.230004
32.58	102.180001	229.66	445.550007	146.55
73.43	127.25	259.68	275.579998	173.180003
42.97	85.87	175.569999	302.189998	249.649998
27.18	102.41	212.370001	282.589998	235.35
48.1	141.339998	251.04	276.989991	340.080004
30.119999	110.26	194.479999	318.56	244.929997
38.97	140.29	188.35	256.799999	251.030001
320.270002	547.910001	1282.209977	1237.390001	1705.68998
59.81	115.77	184.090002	184.300001	186.375002
75.63	190.900002	391.670003	427.339996	658.920015
250.960001	521.370006	1412.390003	1429.249983	1854.070007
101.46	249.500006	530.879991	557.65	788.730011
71.379999	138.760003	272.999996	279.949995	426.86
47.05	115.97	189.060003	176.940001	300.200003
29.11	86.6	164.889999	194.560001	223.700006
27.65	81.55	181.329998	191.499998	201.210002
26.62	83.58	161.839999	183.110002	233.510001
21.22	83.28	153.409997	141.690002	149.489998
19.32	79.9	155.91	166.440003	174.729998
16.84	76.73	141.300004	162.83	172.95
16.19	78.31	147.499997	146.410001	153.089999
25.17	106.78	193.339997	300.59	257.17
28.18	83.81	180	166.199999	255.020006
21.17	64.23	131.54	148.65	200.76
18.28	67.39	119.769998	82.989999	154.340002
16.57	68.47	114.5	131.609999	186.310002
16.04	66.03	101.660001	72.01	128.739999
15.72	66.29	118.76	119.359999	167.594999
16.14	65.57	117.58	133.929998	194.590002
16.54	75.94	137.810001	156.809998	169.32
40.12	103.040001	197.34	176.819999	286.670001
25.25	79.659999	144.339997	170.47	189.530001
18.25	65.25	127.89	181.44	180.36
14.4	66.605	145.88	179.960002	207.510001
15.39	56.725	123.159999	148.549997	172.139998
13.26	63.32	116.679999	153.999999	179.369996
30.64	114.209999	228.63	303.529997	322.939998
21.18	94.039999	186.519999	222.610001	221.870001
12.08	74.84	169.02	253.279998	195.980001
13.53	71.99	173.47	232.660002	162.309999
8.08	75.81	150.799999	180.550002	179.969999
11.32	76.23	182.599996	258.849999	163.15
9.6	70.37	166.799999	164.939998	89.820001
18.93	77.91	178.359999	223.879994	113.600001
30.8	108.830001	239.060004	215.319999	227.490001
30.84	110.820001	223.219996	269.369999	255.440002
6.61	73.11	117.949999	176.769999	107.56
35.79	100.34	241.009998	313.430001	244.020005
35.61	145.489998	252.739999	281.590002	324.699997
67.299998	201.599997	393.499999	387.130004	426.74
193.8	317.570005	247.319999	623.739999	645.369998
86.819998	132.05	309.669994	335.669997	281.33
32.420001	153.230001	245.659997	324.750005	191.159999
50.479999	116.889999	271.670005	245.909999	305.249998
43.549999	145.06	263.650001	336.980003	321.569999
94.210002	252.450005	626.76	695.450017	801.660011
357.229995	340.359995	1237.570034	1354.580013	2198.730049
44.04	92.82	185.539999	181.899996	436.225
183.809998	309.709998	864.810016	832.190016	1095.650008
120.37	138.350002	402.950009	355.450012	478.889994
31.5	87.51	170.990003	224.419993	233.230002
47.09	86.999999	214.859999	171.920003	285.400004
33.65	77.88	160.969997	123.880001	177.330002
23.6	66.93	128.689998	77.76	159.969999
18.13	66.41	113.309998	113.669999	165.660001
16.18	68.11	98.930001	106.089999	161.699999
14.61	62.95	107.880001	135.29	159.090001
13.55	53.859999	135.640001	103	141.380002
11.79	56.531998	95.689999	105.960001	137.560002
10.02	59.078	87.97	74.35	97.009999
8.76	55.71	85.49	83.73	120.84
11.27	55.73	98.030001	70.88	93.609999
13.57	70.82	139.420002	118.48	183.040002
14.41	46.826	74.16	73.45	118.570001
10.73	48.318	86.44	79.15	102.579999
12.02	61.48	109.120002	107.69	129.780001
30.29	94.939999	202.580002	177.509996	304.860006
14.86	61.86	97.95	78.05	75.010001
9.78	51.4	107.230002	79.02	114.889999
10.27	53.49	101.230001	111.029998	148.42
11.92	51.1	97.78	98.379999	148.939999
10.73	46.78	94.32	99.5	139.960002
21.95	77.22	125	121.470002	214.629995
43.26	101.019999	233.680004	226.640001	322.120003
60.48	174.499997	537.860001	656.300001	746.459999
79.54	209.542301	472.190002	504.050014	613.619991
28.82	119.527688	176.260001	203.290001	195.290003
68.649999	175.499998	371.690004	406.870006	473.540002
50.52	115.78	234.740001	256.169998	318.769997
51.52	122.58	279.970001	325.560009	353.629996
127.98	216.390003	592.360007	637.48001	717.420002
59.66	122.049998	310.449999	327.829995	376.959997
71.64	134.990001	366.630007	405.929995	467.789992
54.71	92.41	225.55	221.850002	270.279999
48.35	120.16	251.509998	225.43	279.499995
33.26	85.88	192.310004	170.420001	232.729998
31.9	86.579999	183.809999	196.82	197.949998
23.84	76.82	159.3	154.899997	208.980002
29.71	66.27	154.62	157.479999	177.849999
494.38999	765.639998	2056.029945	2303.329994	2561.560021
217.299996	228.9	450.039999	624.379989	680.599989
45.56	103.570001	201.260003	208.270003	160.87
21.08	74.14	127.279999	121.670001	92.309998
23.85	58.57	127.289999	165.100003	99.109999
15.6	59.63	118.810002	125.119998	80.710001
20.89	107.870001	231.530005	259.970003	246.630001
14.21	64.16	111.559999	136.569999	165.379999
411.219999	965.27	2167.350009	1832.210023	3596.289987
366.670006	707.699995	1952.220024	1801.23999	5542.050095
403.499984	594.870012	1538.720014	1677.90004	2107.080002
58.4	121.15	288.980001	278.219999	310.640005
62.31	100.520001	315.969998	212.61	315.760002
40.85	59.88	214.719999	153.13	204.499999
177.46	282.569997	1179.130007	1420.055063	1462.299983
52.33	88.619999	294.340002	205.099996	341.789997
28.82	57	171.369999	101.379999	167.92
22.5	56.77	186.5	224.470004	294.700002
23.05	51.89	130.75	373.506672	298.270013
54.349999	95.920001	235.589995	343.422226	290.750001
25.49	66.23	96.019999	313.33778	161.369997
18.21	73.27	121.649999	283.253338	149.999999
18.62	60.502424	126.080001	253.168892	165.619999
26.61	59.527576	183.450001	223.084448	205.890001
18.66	58.265455	118.000002	193.000004	163.799999
16.03	57.003334	100.799999	162.915559	140.609999
14.28	55.78	113.520001	118.859998	158.979999
12.98	59.27	110.54	114.13	165.81
11.69	57.6	97.78	94.84	141.57
10.82	59.12	102.679999	101.849997	166.429998
14.85	88.200001	149.010001	169.430003	168.940001
15.42	65.73	121.390001	127.710002	139.05
13.6	55.23	100.33	98.389999	127.930001
19.39	80.650001	147.999999	172.129999	233.469998
14.08	53.31	106.170001	107.970001	196.950001
12.58	56.58	120.210001	129.420001	204.61
10.51	57.15	110.390001	115.270001	187.270001
14.18	78.44	153.919997	137.992498	214.180002
11.33	41.05	97.970001	194.442498	149.749999
9.28	37.44	99.12	143.300002	199.790002
55.720001	122.43	258.550002	252.959998	418.729999
20.89	58.92	127.419999	128.030001	211.590001
19.48	92.759999	173.370002	196.129995	235.339999
19.87	63.87	150.400003	211.919998	265.4
10.3	51.63	101.64	149.000001	170.899999
35.9	100.779999	247.41	281.289996	303.870001
45.76	117.470002	255.219999	351.810002	343.849996
43.54	117.640001	226.299999	262.760003	364.869998
50.05	153.499997	310.399995	397.370009	442.500001
31.71	92.359999	194.960004	223.819999	292.550007
21.45	66.59	151.73	218.190001	178.3
100.199998	280.060003	937.389981	1048.83001	1183.210021
34.06	109.47	243.869997	276.280006	307.789993
33.83	143.42	322.82	359.920006	376.120006
158.509999	422.890003	1170.249989	1239.980022	1336.769978
130.280001	438.740006	757.090003	929.780001	970.849986
38.13	105.350001	213.64	256.300001	236.880001
123.629999	99.580002	305.739995	399.820011	480.179998
92.470001	81.76	186.830001	297.640001	367.76
371.159997	332.94	739.749988	727.729994	800.029982
69.7	103.319999	226.089998	220.76	325.229992
195.850002	151.390003	617.660001	764.859985	806.550003
95.990001	94.22	308.560003	333.460001	413.879997
329.680003	421.609995	1221.71	1338.02002	1534.270036
147.410002	147.62	364.249997	451.050011	509.550006
396.080002	856.630025	2486.590012	2923.919968	3323.699958
120.75	126.780001	343.830003	291.550004	430.759998
47.56	107.679999	198.810004	149.879997	299.369999
29.91	84.58	145.259999	100.38	206.880004
23.62	64.01	120.519999	97.45	226.809999
20.54	67.05	96.139999	86.94	187.680002
22.49	76.71	89.180001	91.31	167.459997
26.82	73.44	109.63	110.98	142.820003
20.02	72.866765	150.319997	148.960002	208.249998
18.68	71.774706	113.68	115.049997	146.949999
16.99	70.088528	108.660001	109.239999	149.449999
25.95	68.402354	104.4	105.23	159.039998
20.54	65.68647	1832.539992	166.579999	177.139998
101.889999	164.999997	2151.559997	501.470006	550.899998
47.6	76.45	2157.25	236.080002	237.219999
27.97	83.17	2128.570007	242.419999	238.950002
27.72	92.14	2160.530029	260.77	263.640004
22.86	67.81	2125.03003	197.34	195.33
30.7	77.01	2041.44999	240.940001	286.230001
40.26	84.74	207.500005	224.570004	285.420001
64.53	88.66	249.809997	239.239998	296.369998
33.74	67.28	151.98	198.060002	218.65
28.41	68.26	151.389999	199.93	298.389997
19.65	57.33	114.94	169.55	251.189999
35.36	79.55	164.260002	210.24	262.980002
18.74	58.39	101.07	187.739998	246.65
10.41	55.02	76.94	153.089999	213.500004
22.03	100.9	208.349999	278.570001	314.360005
23.68	69.35	198.649997	293.639997	324.530009
18.43	91.219999	171.200001	263.170001	283.220001
58.14	110.899999	294.600005	391.440002	426.799991
47.81	104.54	253.250004	317.970002	328.089998
56.54	106.7	250.53	281.620003	336.209996
39.47	90.35	228.519999	254.540003	265.129998
38.67	87.66	212.430003	272.879997	208.370002
142.109999	353.040002	821.81999	1046.249994	989.220009
90.209999	216.039998	701.730002	876.510006	889.8
64.900001	177.520004	464.529995	636.980012	549.859995
84.150001	174.710001	474.489999	610.110012	625.089989
726.11	1128.110003	3521.429953	3446.90004	4255.470103
288.699994	330.089997	1076.870017	1061.98001	1152.209985
559.159996	772.280007	2217.770019	2501.469993	4911.022574
961.190026	1071.269982	3046.539954	3361.23993	6081.572296
158.270002	235.640001	2513.809965	777.980012	771.270004
68.43	91.799999	2220.349964	337.019997	383.329998
233.959999	260.610001	1519.950012	1254.150009	1313.84999
620.930012	434.770001	2592.329972	2360.040024	2595.11
357.139999	280.680002	1797.00998	1628.099991	1703.709992
201.35	171.969999	725.879997	643.48001	701.709991
79.64	92.83	230.109997	286.230003	289.479996
37.65	70.99	128.94	221.099997	289.340001
30.83	83.12	108.2	202.24	239.530005
26	65.48	90.419999	179.280001	235.449999
26.54	59.49	122.030001	184.459998	252.720002
22.12	51.82	103.389998	157.99	185.87
21.71	55.59	102.950001	133.760003	181.720003
23.81	56.9	35.149999	58.140001	135.640001
33.12	113.560001	148.840003	184.95	234.449999
29.59	100.28	125.179999	175.010002	207.419996
15.72	66.88	126.289998	182.83	210.839998
14.04	59.99	87.83	156.739999	135.13
13.35	52.16	84.490001	154.569997	121.509999
14.67	57	100.190001	182.530002	181.879997
14.64	55.72	100.61	188.03	167.220002
15.25	65	124.450001	207.919997	188.810004
23.77	66.34	123.270002	210.339995	181.449999
26.22	66.1	162.34	227.240002	243.92
26.26	69.229999	140.72	208.759997	197.069997
18.24	50.13	121.939999	182.82	203.910002
19.45	53.44	124.82	187.809999	222.5
65.04	111.200002	265.929997	352.110003	366.279998
100.159999	99.45	293.529995	405.290002	476.039994
46.48	74.050001	181.559999	270.400002	317.500001
31.71	66.16	157.860001	236.919997	313.599999
67.849998	148.009996	348.130001	447.220002	528.75
56.34	116.840001	177.809998	324.11	349.919999
40.45	101.420001	162.45	252.09	305.179994
48.4	98.230001	214.320002	264.880004	368.58
26.13	65.44	144.880002	216.72	222.280002
30.51	68.68	138.600001	216.439997	258.469996
27.43	85.57	152.139998	241.329997	291.090002
49.68	212.549999	381.100005	466.579996	531.190004
39.37	129.289999	258.890002	300.66	328.769996
51.34	125.850001	168.249999	291.329998	290.769998
65.76	150.429998	223.310001	342.589993	381.219998
109.099998	163.959998	228.090001	485.700006	539.060009
66.54	159.369999	207.099998	324.479999	427.770004
23.44	102.39	140.540001	263.079997	244.699999
99.03	196.659998	368.110001	437.460002	489.080002
392.279993	809.299989	3762.970031	3262.699943	3752.460054
61.36	115.07	590.799993	293.220001	353.089999
29.28	54.4	186.230003	209.049999	221.2
50.58	165.390001	215.669996	295.89	362.699994
129.280001	225.710001	682.629997	794.160012	1098.490028
51.95	120.16	187.489997	266.969995	361.630001
166.519999	296.930006	458.03	565.009996	679.480003
94.950001	140.649997	222.989995	297.360001	355.430004
53.82	135.080002	243.81	336.1	414.079992
66.71	127.740001	237.330001	323.359998	387.989999
45.89	120.320001	197.059998	299.549999	394.439998
27.4	74.469999	141.779999	214.270001	232.399998
28.94	91.8	150.320002	215.740001	206.390002
20.33	53.73	126.880001	182.509998	249.190001
19.03	48.46	116.979998	169.31	218.860001
16.55	56.2	136.990005	183.75	226.490001
40.17	108.759999	153.719999	200.180004	231.990002
20.95	81.19	151.570002	167.469999	215.629999
18.85	88.68	132.259999	167.510005	210.520001
41.49	84.02	274.699993	284.079999	338.209999
24.12	53.62	142.270002	180.810002	213.3
18.96	55.43	137.270001	175.429998	205.099998
15.19	50.32	136.280002	165.38	174.079997
13.35	47.73	143.26	154.75	192.929997
12.91	49.22	136.889998	148.099995	170.81
12.47	47.82	132.779999	143.789998	167.389997
10.57	45.84	127.649997	138.430001	167.41
10.57	46.51	126.239999	136.950004	160.039998
10.19	46.44	125.510001	136.200001	182.309999
10.02	43.47	123.689998	134.259998	173.16
10.26	44.84	127.539998	138.299998	174.549997
11.14	42.23	127.669997	138.439999	185.110003
7.5	53.67	138.570002	149.840002	222.360005
99.190002	197.130002	442.109994	470.559995	603.31999
110.080002	203.970002	462.159995	492.569995	626.989992
41.5	81.020001	201.409999	223.039997	338.449996
17.84	46.65	148.01	212.519997	226.24
18.83	45.27	139.169995	186.94	227.519998
14.9	55.15	147.210001	208.47	198.049999
19.87	111.200001	214.029999	269.180005	344.559997
8.08	54.14	154.990002	194.960001	189.720006
4.07	53.59	132.449999	176.110005	199.569999
11.26	57.14	140.779999	229.189997	185.490002
30.31	71.32	157.199999	240.97	246.919997
47.46	142.970001	234.149999	311.080005	341.139997
58.97	111.280001	215.85	263.819997	294.140005
20.48	81.01	170.260001	184.260002	270.779998
80.700001	272.649997	390.400002	462.780001	505.939987
23.43	95.1	187.319999	350.029999	179.109997
29.76	97.779998	187.819999	279.490005	275.450001
62.659999	197.760002	382.809999	455.439997	514.829991
59.78	154.690001	333.140003	458.810001	463.479997
21.63	91.44	221.490002	251.980003	329.490002
43.16	104.93	267.229999	416.830003	425.120003
45.75	115.320002	225.010002	342.039998	371.399995
39.01	143.180001	241.160002	329.850004	344.14001
30.39	96.99	196.61	211.380002	294.949997
35.64	116.279999	212.1	199.849999	352.399998
58.39	110.399999	244.730003	278.850001	335.049996
11.04	56.46	156.470003	170.150002	220.790004
20.34	68.5	161.01	161.669999	215.259998
28.35	99.49	212.849999	286.02	301.979995
19.16	58.89	153.719998	174.780003	246.890001
12.07	49.69	128.240002	158.27	148.969998
8.94	42.74	123.82	114.560001	166.72
9.53	40.98	114.99	123.709999	177.960001
6.94	38.21	118.470003	117.2	154.689999
13.57	73.72	119.619999	145.709998	176.210002
12	48.48	119.800001	123.180002	152.119998
7.76	54.1	126.36	123.290001	174.940003
10.54	74.74	163.889996	107.479999	170.340001
8.55	50.79	126.15	140.549998	173.759998
