TN	T-P	DIN	NH4	NO3	DIP	PO4
9.742	0.604	9.136	1.274362586	4.338	0.496	0.651152824
9.305	0.37	8.987	2.131196847	2.931	0.258	0.473286383
9.101857	0.409143	8.057858	2.00124961	3.313428	0.292857	0.499428674
9.078571	0.502143	8.764	2.203374004	2.562143	0.418714	0.637629203
13.637751	0.68125	13.0315	2.984711041	2.0845	0.59025	0.76501634
9.046857	0.584	8.769286	2.476460579	1.73	0.537	0.680546104
4.186714	0.091286	3.889	0.907035832	2.899571	0.046429	0.19530233
4.921	0.197	4.62	1.246595363	2.591	0.141	0.371483512
5.3545	0.2908	4.6678	1.484486443	1.6692	0.2039	0.437835586
5.821	0.249625	5.598375	1.849425586	1.592875	0.233625	0.356370594
5.766	0.167	5.604	1.323631369	1.36	0.121	0.343511281
4.939571	0.263143	4.745143	1.365336222	1.262286	0.198571	0.40017871
2.975571	0.140714	2.874857	0.517135379	1.623	0.075571	0.236945141
3.032	0.114	2.83	0.470106371	2.149	0.067	0.244948974
3.952857	0.179	3.718714	1.043072385	1.573857	0.120143	0.320490249
2.256429	0.107	2.094571	0.342886279	1.416286	0.098714	0.303315018
2.486625	0.07725	2.2465	0.621691242	1.430875	0.061625	0.235849528
3.044714	0.06	2.975286	0.578051036	2.410714	0.026286	0.099282425
3.797	0.030714	3.554286	0.660735197	2.622571	0.025143	0.076531039
3.977	0.0385	3.888143	0.587732082	3.386857	0.011571	0.093348808
5.12	0.155	5.107	0.967987603	3.226	0.105	0.288097206
4.89	0.064	4.36	0.822800097	3.565	0.034	0.181659021
5.416286	0.074429	5.368143	1.169187752	3.590714	0.038143	0.177282261
4.203	0.129	4.131	1.172177461	2.649	0.1	0.313049517
4.379571	0.098857	4.261857	0.773119654	3.387286	0.081714	0.23207111
5.672714	0.091143	5.404428	1.420009859	3.236429	0.076143	0.243780639
4.985167	0.134	4.623333	1.2523977	2.4535	0.0965	0.293824778
5.176	0.108	5.166	1.658613879	2.002	0.09	0.296647939
5.00825	0.0995	4.79225	1.620725146	2.110125	0.036	0.15
4.976285	0.103857	4.877285	1.426283983	2.111857	0.077714	0.254389465
6.768714	0.077	6.692571	1.700546089	1.950571	0.033429	0.071714713
6.509429	0.063571	6.42	1.867963062	1.753429	0.043	0.145897224
5.306	0.067	5.088	1.564288976	1.444	0.043	0.104880885
4.690444	0.138889	4.608	1.620596495	1.182333	0.102667	0.301478026
4.856	0.116	4.764	1.542400726	1.687	0.103	0.3082207
3.676	0.125714	3.456286	0.908531232	1.744571	0.071	0.23207111
2.587429	0.128714	2.515286	0.549675359	1.710714	0.092286	0.295442042
3.473875	0.118	3.329625	0.941607668	1.546375	0.085625	0.271339271
2.524	0.168	2.115	0.428952212	1.146	0.091	0.250998008
2.236	0.131	2.206572	0.451821868	1.568857	0.112857	0.317354691
3.146	0.118	2.969	0.68556546	1.789	0.064	0.181659021
2.96975	0.08575	2.88875	0.66988805	1.72225	0.05025	0.183030052
3.732857	0.041857	3.690714	0.915267174	1.986286	0.029714	0.14832397
4.255	0.038833	4.141333	0.722380094	2.579833	0.031667	0.081651699
5.150714	0.072571	4.993714	1.133578405	2.912	0.036143	0.143923591
5.467714	0.112	5.401429	1.31415372	3.057286	0.07	0.26186065
4.745429	0.119429	4.664571	1.129917696	2.413857	0.090286	0.294229502
6.322625	0.05	6.29925	1.33130575	3.653125	0.01725	0.093541435
7.421714	0.052	7.194571	1.443359276	4.061	0.012857	0.092579695
7.790857	0.072857	7.638857	1.524935736	4.838857	0.020571	0.071714713
8.565286	0.076	8.247714	2.003782174	3.298429	0.024714	0.066550733
9.955	0.067	9.679	2.273103605	2.941	0.027	0.077459667
9.306428	0.070429	9.106143	2.273920403	2.313571	0.038429	0.129282636
4.841	0.068	4.696	1.596558799	1.609	0.042	0.170293864
4.373	0.097714	4.110714	1.30082397	1.484	0.058	0.225197691
5.807	0.063	5.364	1.646207763	1.625	0.027	0.144913767
4.490857	0.061143	4.356	1.263894378	1.553714	0.036	0.151657509
4.381571	0.105	4.313285	1.482420993	1.173571	0.085143	0.290566688
4.422429	0.147286	4.353571	1.202675767	1.184143	0.115571	0.33187799
3.937	0.108	3.6	1.304223907	1.349	0.067	0.212132034
3.714125	0.13475	3.63375	1.336553403	0.88625	0.097375	0.280178515
2.687067	0.164467	2.673133	0.65130638	1.633333	0.125867	0.336749165
2.544444	0.092222	2.272667	0.531873105	1.491111	0.04	0.13622041
2.362857	0.129714	2.298286	0.485798312	1.414286	0.117429	0.309607816
2.992	0.098	2.881	0.466904701	1.81	0.047	0.151657509
3.688428	0.071	3.412	0.846674081	2.074286	0.022857	0.06436614
3.363714	0.061714	3.108	0.704982269	2.098571	0.010571	0.077459667
4.175	0.051	4.015	0.643428318	2.92	0.022	0.070710678
3.875	0.061714	3.755714	0.649395103	2.607143	0.014429	0
3.053	0.188	2.839	0.91214034	1.55	0.129	0.356370594
3.717	0.137	3.581	0.953939201	2.22	0.097	0.3
5.761	0.106	5.742	1.210784869	3.04	0.088	0.277488739
4.792	0.089	4.688	1.230853363	2.622	0.071	0.230217289
6.653286	0.071857	6.523143	1.672423391	2.696857	0.047143	0.210102356
6.757429	0.093143	6.636714	1.65339469	2.494	0.061571	0.207364414
6.867857	0.081714	6.679286	1.623444178	2.515572	0.037	0.17928469
6.880428	0.085714	6.643286	1.807247354	2.292714	0.022857	0.070710678
6.121	0.1	5.475	1.761533423	1.915	0.045	0.14832397
6.644143	0.125571	6.314	1.876432786	1.519857	0.097714	0.273600073
4.674	0.104	4.441	1.521512405	1.424	0.066	0.20976177
3.3354	0.0698	3.1484	0.832105763	1.5254	0.0302	0.113137085
4.81	0.08	4.479	1.401784577	1.148	0.031	0.063245553
4.405571	0.068286	4.198429	1.270939023	1.385143	0.032571	0.1
3.492625	0.080375	3.29075	0.991085264	1.37	0.03675	0.098107084
3.995	0.113	3.979	1.231665539	1.261	0.087	0.264575131
2.751	0.1155	2.488	0.736885337	1.3585	0.0795	0.261725047
3.684429	0.102286	3.518	1.20172501	1.262	0.073286	0.216464778
1.872375	0.109	1.82325	0.59947894	0.884625	0.085125	0.288963666
2.321	0.125	2.215	0.793725393	0.984	0.089	0.281069386
3.368	0.062	3.263625	0.806225775	2.232	0.02525	0.120933866
3.003428	0.05	2.901428	0.673265178	1.839429	0.033143	0.120710397
4.490571	0.067714	4.158714	0.916593149	2.529	0.031429	0.138874044
4.754143	0.101857	4.668	1.00384959	3.599857	0.083429	0.251282709
3.823125	0.15125	3.812625	1.130320751	2.293625	0.13075	0.361766499
4.633857	0.136571	4.586572	1.077032961	2.976429	0.106429	0.327980182
4.49	0.117	4.49	0.859651092	3.498	0.096	0.298328678
6.355	0.049	6.115	1.060188662	4.57	0.024	0.144913767
4.36475	0.10125	4.295	0.664642761	3.4715	0.07675	0.253475837
4.126625	0.124375	4.07	0.892258371	2.54275	0.098625	0.282621655
5.044	0.103	4.899	1.087658034	3.021	0.082	0.256904652
5.04	0.155	5.015	1.387804021	2.28	0.121	0.324037035
4.517	0.107	4.374	1.044030651	2.555	0.077	0.270185122
4.837444	0.117111	4.529555	1.049232577	2.824111	0.059889	0.226322778
3.405	0.158	3.151	0.939680797	1.669	0.085	0.270185122
3.918	0.119	3.749	0.9	2.332	0.095	0.293257566
3.935	0.093	3.899	0.78612976	2.416	0.051	0.178885438
4.515125	0.058	4.255125	0.903188795	2.53675	0.023	0.100623059
4.443	0.083	4.19	0.891066776	2.817	0.052	0.1
2.784	0.136	2.564	0.622093241	1.833	0.073	0.194935887
2.882	0.19	2.679	0.92141196	1.545	0.084	0.228035085
2.597	0.1	2.369	0.589067059	1.776	0.043	0.070710678
2.688	0.114	2.555	0.596657356	1.882	0.076	0.197484177
2.675	0.093	2.484	0.547722558	1.726	0.03	0.167332005
2.845	0.113	2.636	0.6164414	1.611	0.052	0.204939015
3.500375	0.21975	3.251125	0.766974576	1.979375	0.10275	0.280624304
3.567	0.145	3.27375	1.043910916	1.48975	0.06725	0.23558438
4.651	0.129	4.325	1.246996391	1.806	0.083	0.252982213
3.544	0.11	3.397	0.883742044	2.074	0.067	0.223606798
3.527	0.095	3.456	1.130928822	1.469	0.055	0.18973666
2.976	0.178	2.494	0.623698645	1.737	0.079	0.260768096
2.605	0.172	2.545	0.651152824	1.386	0.09	0.289827535
2.616	0.166	2.381	0.440454311	1.899	0.074	0.264575131
3.145	0.139	2.818	0.886002257	1.495	0.081	0.273861279
3.11	0.145	2.709	0.773950903	1.427	0.068	0.178885438
2.697	0.189	1.848	0.141421356	1.264	0.053	0.118321596
2.732	0.204	1.944	0.372827038	1.039	0.036	0.130384048
2.707	0.197	2.678	0.911592014	1.046	0.12	0.346410162
2.839	0.121	2.772	0.913783344	1.034	0.068	0.225831796
3.168	0.215	2.994	1.151520734	1.019	0.167	0.382099463
2.625	0.08	2.422	0.664830806	1.435	0.046	0.2
3.077	0.125	3.048	1.016857906	1.28	0.052	0.221359436
3.027	0.186	2.954	0.7	1.684	0.141	0.340587727
3.289	0.141	3.149	0.614003257	2.36	0.069	0.232379001
2.996	0.185	2.92	0.959166305	1.672	0.152	0.363318042
1.993	0.144	1.943	0.578791845	1.404	0.12	0.320936131
2.417	0.187	2.289	0.572712843	1.45	0.108	0.3
3.114	0.143	3.011	0.7183314	1.122	0.06	0.242899156
4.102	0.135	3.981	0.705691151	1.737	0.102	0.279284801
4.801	0.134	4.419	0.982344135	2.676	0.064	0.20976177
4.677	0.133	4.638	1.018331969	3.156	0.044	0.130384048
4.417	0.158	4.336	1.005982107	2.753	0.088	0.204939015
5.007	0.119	4.925	1.284912448	2.908	0.083	0.264575131
5.751	0.113	5.521	1.167904106	3.527	0.064	0.223606798
5.906	0.105	5.558	1.150651989	3.502	0.028	0.070710678
6.01	0.068	5.55	0.991967741	3.791	0.022	0.070710678
5.778	0.144	5.277	1.266491216	3.078	0.076	0.202484567
4.934	0.147	4.764	1.150651989	2.733	0.089	0.262678511
5.849	0.103	5.574	1.199583261	3.286	0.031	0.104880885
5.474	0.104	5.183	0.942337519	2.956	0.017	0
5.809111	0.104889	5.496778	0.999110604	3.829778	0.022333	0.059632206
6.451	0.125571	6.115428	1.226726131	4.360714	0.026429	0.047812132
7.201	0.154	7.033	1.566843962	3.659	0.036	0.167332005
6.516	0.113	6.112	1.349073756	3.514	0.007	0.031622777
6.474	0.121	6.413	1.628496239	3.313	0.02	0.122474487
5.253	0.194	4.828	1.31605471	2.495	0.076	0.167332005
5.247	0.103	4.865	1.274754878	2.684	0.02	0.130384048
6.025	0.137	5.562	1.401784577	2.688	0.031	0.104880885
8.581	0.121	8.252	2.107605276	2.446	0.039	0.054772256
7.477	0.128	6.936	1.939329781	2.372	0.029	0.089442719
6.339	0.101	6.074	1.676901905	2.317	0.041	0.089442719
4.182	0.128	4.153	1.346848173	1.899	0.101	0.264575131
4.41	0.175	4.023	1.18911732	1.782	0.072	0.197484177
5.747	0.191	4.741	1.357571361	1.934	0.063	0.130384048
6.001857	0.162429	5.396429	1.415273825	2.241429	0.087	0.228973798
6.193	0.141	5.888	1.457051818	2.472	0.105	0.281069386
6.795	0.156	6.646	1.881223006	1.956	0.116	0.306594194
5.679	0.149	4.857	1.315294644	1.974	0.05	0.144913767
5.803	0.101	5.504	1.393197761	2.646	0.032	0.126491106
5.226	0.118	4.94	1.379855065	1.865	0.044	0.144913767
3.833	0.118	3.484	0.980815987	1.733	0.044	0.077459667
3.245	0.101	3.043	0.531036722	1.768	0.047	0.126491106
5.327	0.081	4.891	1.37949266	2.029	0.029	0.170293864
3.95	0.222	3.908	1.33041347	1.257	0.153	0.357770876
2.969	0.172	2.949	1.139298029	1.107	0.12	0.339116499
2.437	0.159	2.424	0.618061486	1.683	0.099	0.3
2.501	0.108	2.494	0.620483682	1.856	0.087	0.238746728
2.2765	0.104	2.231	0.567890835	1.551	0.0735	0.228035085
2.052	0.1	1.968	0.509901951	1.246	0.06	0.216794834
4.757	0.159	4.754	1.839293343	0.914	0.117	0.317804972
3.848	0.186	3.734	1.286856635	1.315	0.116	0.316227766
2.789	0.142	2.605	0.638748777	1.928	0.101	0.294957624
2.719	0.096	2.698	0.819145897	1.643	0.042	0.151657509
2.117	0.157	2.084	0.432434966	1.434	0.121	0.327108545
2.381	0.093	2.126	0.473286383	1.523	0.027	0.118321596
3.477	0.009	3.442	0.871206061	0.412	0.005	0.063245553
2.896	0.09	2.867	0.646529195	1.764	0.051	0.192353841
4.476	0.089	4.372	1.291510743	1.964	0.061	0.214476106
4.556	0.086	4.386	1.087658034	2.713	0.021	0.109544512
4.461	0.046	4.397	1.024695077	2.667	0.014	0.077459667
4.647	0.081	4.45	1.265306287	2.553	0.039	0.144913767
5.407	0.071	5.11	1.171750827	3.001	0.04	0.054772256
5.925	0.085	5.573	1.196244122	3.29	0.034	0.14832397
6.085	0.105	5.618	1.162755348	3.571	0.038	0.137840488
6.469	0.11	5.877	1.48526092	2.11	0.027	0.118321596
7.386	0.104	7.036	1.704406055	2.886	0.033	0.126491106
6.92	0.097	6.51	1.603433815	3.251	0.02	0.077459667
7.764	0.275	7.013	2.10309296	2.369	0.067	0.194935887
6.695	0.111	6.38	1.739252713	2.488	0.032	0.070710678
7.756	0.101	7.141	1.899473611	2.731	0.024	0.134164079
7.804	0.141	7.516	1.96773982	2.915	0.031	0.126491106
5.587	0.193	4.976	1.322497637	2.504	0.056	0.187082869
7.457	0.122	6.901	1.788574852	2.723	0.039	0.130384048
9.398	0.15	8.729	2.387676695	2.38	0.039	0.126491106
9.688	0.128	9.573	2.568657237	2.345	0.048	0.1
8.93	0.246	8.897	2.465765601	2.247	0.05	0.14832397
10.436	0.152	10.07	2.661766331	1.949	0.047	0.167332005
7.995	0.177	7.605	2.366220615	1.415	0.046	0.14832397
5.235	0.206	5.049	1.507315495	1.832	0.102	0.167332005
4.964	0.277	4.705	1.248198702	2.232	0.127	0.320936131
5.483	0.111	5.477	1.517893277	2.103	0.073	0.214476106
7.017	0.138	6.594	1.517234326	1.536	0.035	0.134164079
4.695	0.139	4.375	1.403210604	1.978	0.047	0.192353841
3.987	0.156	3.855	1.228820573	1.888	0.047	0.20976177
5.212	0.137	4.984	1.740402252	1.723	0.029	0.14832397
4.613	0.07	4.575	1.444299138	2.255	0.055	0.173205081
2.899	0.158	2.752	0.818535277	1.467	0.086	0.221359436
2.955	0.172	2.791	0.922496612	1.407	0.086	0.246981781
4.545	0.146	4.523	1.45223965	1.416	0.047	0.144913767
4.644	0.112	4.443	1.378767566	1.564	0.045	0.126491106
4.422	0.119	4.036	1.072380529	1.716	0.038	0.126491106
4.534	0.11	4.184	1.34944433	1.422	0.039	0.126491106
4.055	0.142	3.512	0.950263121	1.663	0.047	0.164316767
3.969	0.128	3.751	1.15195486	1.424	0.059	0.187082869
4.0905	0.127	3.9645	1.208511481	1.5435	0.0795	0.242899156
4.212	0.126	4.178	1.262537128	1.663	0.1	0.288097206
4.065	0.15	3.682	1.160172401	1.122	0.061	0.228035085
4.442	0.187	4.224	1.354621718	1	0.108	0.246981781
5.098	0.161	4.643	1.382389236	1.179	0.055	0.161245155
5.187	0.134	5.12	1.433178286	1.641	0.087	0.176068169
2.897	0.255	2.717	1.113103769	0.871	0.164	0.3591657
4.242	0.116	3.97	1.285301521	0.787	0.058	0.144913767
1.924	0.218	1.919	0.33015148	1.401	0.104	0.264575131
2.226	0.136	2.204	0.704982269	1.453	0.095	0.286356421
3.027	0.092	3.014	0.705691151	1.63	0.078	0.262678511
3.154	0.094	3.139	0.772010363	1.384	0.041	0.184390889
4.404	0.101	4.397	0.843208159	0.488	0.04	0.154919334
3.075	0.079	3.052	0.442718872	2.668	0.04	0.161245155
2.434	0.205	2.429	0.670074623	1.371	0.171	0.393700394
4.072	0.106	3.982	0.846167832	2.556	0.031	0.176068169
4.093	0.137	3.852	0.8336666	2.9	0.027	0.161245155
4.115	0.196	4.103	1.311106403	2.322	0.072	0.207364414
4.513	0.172	4.4	1.382027496	2.365	0.035	0.137840488
5.706	0.25	5.404	1.476482306	2.291	0.105	0.304959014
4.18	0.136	3.986	1.113552873	2.116	0.034	0.158113883
5.237	0.107	5.195	1.301921657	2.784	0.03	0.144913767
5.755	0.151	5.099	1.441873781	2.784	0.029	0.158113883
4.852	0.178	4.689	1.050714043	2.903	0.095	0.277488739
6.15	0.109	5.989	1.31605471	3.572	0.033	0.144913767
5.747	0.102	5.697	1.066770828	3.898	0.041	0.194935887
7.262	0.103	7.244	1.498666074	4.35	0.043	0.130384048
7.872	0.133	7.306	1.497330959	4.147	0.057	0.137840488
7.26	0.128	7.118	1.482565344	3.995	0.042	0.178885438
7.48	0.138	7.466	1.641036258	3.879	0.045	0.118321596
6.456	0.228	5.886	1.680178562	2.385	0.105	0.306594194
6.823	0.18	6.182	1.636765102	3.087	0.04	0.114017543
7.568	0.123	7.522	1.852025918	3.455	0.037	0.122474487
4.873	0.166	4.439	1.15931014	2.746	0.036	0.104880885
5.956	0.131	5.766	1.636154027	2.576	0.043	0.083666003
6.845	0.15	6.83	1.823184028	2.596	0.058	0.104880885
5.941	0.256	5.508	1.637070554	2.635	0.073	0.130384048
4.514	0.195	4.504	1.506983742	2.126	0.1	0.281069386
6.263	0.116	6.247	2.003247364	1.936	0.067	0.134164079
7.334	0.156	6.707	1.940618458	1.958	0.072	0.178885438
3.695	0.201	3.517	1.174734012	1.809	0.058	0.122474487
4.723	0.174	4.505	1.55627761	1.921	0.066	0.109544512
4.473	0.321	4.414	1.702351315	1.28	0.103	0.273861279
4.891	0.184	4.545	1.480202689	1.522	0.077	0.134164079
4.973	0.175	4.815	1.590911688	1.774	0.073	0.14832397
3.197	0.181	3.169	1.231259518	1.642	0.092	0.242899156
2.786	0.195	2.681	1.230853363	1.081	0.069	0.256904652
3.709	0.163	3.476	1.418449858	1.426	0.041	0.104880885
2.439	0.179	2.422	1.020294075	1.37	0.074	0.262678511
3.183	0.169	3.059	1.173030264	1.597	0.046	0.054772256
3.936	0.088	3.815	1.277888884	2.04	0.044	0.134164079
2.887286	0.127286	2.781429	0.828164839	1.878	0.093857	0.304254827
4.041	0.105	3.768	1.239758041	1.482	0.057	0.232379001
2.546	0.133	2.358	0.759605161	1.245	0.048	0.212132034
2.381	0.107	2.258	0.664830806	1.533	0.07	0.248997992
2.236	0.142	2.137	0.809938269	1.444	0.08	0.275680975
2.642	0.111	2.444	0.910494371	1.521	0.041	0.126491106
3.892	0.239	3.853	1.413859965	1.58	0.128	0.342052628
3.526	0.171	3.093	0.859069264	1.988	0.066	0.2
2.798	0.118	2.754	0.85498538	1.659	0.066	0.225831796
3.798	0.097	3.663	1.109954954	1.835	0.039	0.158113883
3.156	0.175	3.105	1.135341358	1.303	0.152	0.386005181
3.279	0.125	2.773	1.0009995	1.453	0.013	0.077459667
2.903	0.147	2.822	0.572712843	1.984	0.101	0.256904652
2.972	0.094	2.908	0.452769257	2.125	0.026	0.134164079
2.919	0.102	2.878	0.736885337	2.046	0.062	0.234520788
3.428	0.061	3.316	0.681909085	2.201	0.018	0.077459667
4.012	0.057	3.859	0.769415362	2.507	0.021	0.054772256
3.404	0.079	3.349	0.77588659	2.442	0.068	0.236643191
4.554	0.055	4.426	0.966436754	3.003	0.038	0.130384048
4.947	0.063	4.919	1.141928194	3.054	0.02	0
6.316	0.099	6.138	1.418449858	2.937	0.064	0.212132034
5.596	0.103	5.311	1.44222051	2.704	0.069	0.234520788
6.117	0.091	5.937	1.556920036	3.004	0.045	0.154919334
5.742	0.101	5.668	1.319090596	3.521	0.037	0.134164079
6.614	0.076	6.332	1.25499004	3.842	0.019	0
6.869	0.112	6.636	1.563009917	3.505	0.028	0.083666003
6.258	0.095	5.814	1.437706507	3.421	0.013	0.054772256
5.201	0.145	5.115	1.084435337	3.113	0.092	0.268328157
5.518	0.082	5.497	1.293831519	3.458	0.038	0.158113883
6.049	0.137	5.832	1.558524944	3.102	0.083	0.260768096
5.668	0.116	5.587	1.512283042	2.915	0.033	0.161245155
6.064	0.103	5.797	1.34944433	3.763	0.04	0.14832397
6.288	0.156	6.27	1.704699387	2.875	0.072	0.212132034
4.692	0.126	4.335	1.128273017	2.623	0.029	0.14832397
4.968	0.133	4.65	1.446374779	2.282	0.048	0.176068169
5.718	0.103	5.415	1.404991103	3.029	0.027	0.070710678
4.993	0.155	4.467	1.336787193	2.321	0.028	0.077459667
5.56	0.096	5.525	1.503662196	2.778	0.027	0.063245553
4.276	0.154	4.14	1.384196518	1.731	0.062	0.184390889
5.664	0.087	5.405	1.549193338	2.197	0.039	0.089442719
6.585	0.101	6.556	1.721046193	2.853	0.055	0.122474487
4.561	0.192	4.506	1.614930339	1.604	0.158	0.356370594
2.967	0.082	2.862	1.036339713	1.27	0.032	0.09486833
6.051	0.14	5.959	1.822361106	1.971	0.082	0.228035085
3.327	0.142	3.31	1.283354978	1.089	0.106	0.286356421
3.514	0.123	3.255	1.347961424	1.362	0.078	0.256904652
3.984	0.094	3.796	1.23247718	1.565	0.057	0.184390889
4.242	0.116	4.025	1.30307329	1.605	0.059	0.164316767
4.203	0.115	3.898	1.243784547	1.5	0.043	0.144913767
3.264	0.175	3.129	0.77588659	1.922	0.141	0.347850543
3.286	0.146	3.162	0.863712915	1.877	0.079	0.240831892
2.362	0.16	2.355	0.626099034	1.352	0.126	0.33015148
3.166	0.127	3.067	0.860813569	1.739	0.081	0.250998008
2.572	0.135	2.532	0.577061522	1.919	0.103	0.301662063
3.446	0.089	3.417	0.93434469	1.987	0.06	0.221359436
2.494	0.126	2.404	0.609097693	1.764	0.099	0.301662063
2.895	0.135	2.866	0.7	1.788	0.117	0.333166625
3.036833	0.117	2.832333	0.702020655	1.852167	0.0615	0.219469816
3.201	0.142	2.924	0.834865259	1.478	0.094	0.27202941
2.334	0.181	2.166	0.612372436	1.327	0.108	0.313049517
2.121	0.153	2.017	0.536656315	1.354	0.112	0.314642654
2.513	0.136	2.454	0.654980916	1.635	0.108	0.309838668
2.713	0.082	2.666	0.608276253	1.844	0.048	0.18973666
2.946	0.073	2.664	0.465832588	1.745	0.017	0.04472136
3.292	0.086	2.957	0.589915248	1.828	0.018	0.063245553
3.875	0.116	3.205	0.695701085	2.064	0.018	0.089442719
4.109	0.109	3.671	0.777174369	2.327	0.018	0.031622777
4.572	0.175	3.985	0.999499875	2.24	0.038	0.122474487
5.071	0.099	4.558	1.173030264	2.627	0.019	0.04472136
4.624	0.101	4.359	0.892748565	2.816	0.02	0.083666003
4.519	0.07	4.402	0.857904424	2.856	0.022	0
5.932	0.134	5.71	1.712016355	2.206	0.087	0.258843582
6.489	0.147	6.161	1.644992401	2.721	0.075	0.242899156
6.071	0.116	5.305	1.225969005	3.3	0.017	0.063245553
7.678	0.092	7.487	1.80803761	2.635	0.025	0.054772256
7.606	0.122	6.851	1.582087229	3.719	0.022	0.04472136
8.834	0.33	7.924	1.932356075	3.361	0.079	0.236643191
9.573	0.145	9.296	2.106893448	3.763	0.026	0.089442719
10.037	0.264	9.74	2.524480145	3.242	0.1	0.306594194
8.85	0.201	8.548	2.33430932	3.057	0.088	0.244948974
7.638	0.261	6.813	1.947562579	3.003	0.074	0.234520788
6.231	0.156	5.535	1.607171428	2.886	0.032	0.09486833
8.664	0.128	8.196	2.315815191	2.827	0.035	0.089442719
10.064	0.143	9.405	2.377603836	3.338	0.033	0.077459667
6.501	0.313	5.612	1.578606981	2.297	0.135	0.27202941
5.359	0.201	5.045	1.275931033	2.856	0.087	0.250998008
5.801	0.2	5.137	0.913783344	2.671	0.043	0.141421356
5.385	0.14	4.876	1.38960426	2.234	0.04	0.118321596
2.923	0.179	2.91	0.752329715	1.783	0.058	0.236643191
4.95	0.153	4.594	1.427585374	1.807	0.038	0.151657509
4.338	0.139	4.058	1.008464179	2.263	0.032	0.089442719
3.497	0.156	2.955	0.664830806	1.897	0.029	0.083666003
4.734	0.099	4.337	1.238951169	2.214	0.036	0.083666003
4.653	0.153	4.278	1.31072499	1.887	0.053	0.141421356
3.645	0.153	3.312	1.230447073	1.248	0.068	0.202484567
3.961	0.264	3.846	0.904433524	2.114	0.19	0.392428337
3.724	0.21	3.077	0.71484264	1.789	0.052	0.122474487
3.134	0.141	2.739	0.640312424	1.654	0.058	0.164316767
3.072	0.193	2.599	0.651152824	1.43	0.032	0.09486833
2.594	0.162	2.251	0.661059755	1.084	0.077	0.225831796
3.16	0.165	2.659	0.577061522	1.479	0.037	0.063245553
4.052	0.179	4.047	1.210784869	1.503	0.107	0.260768096
2.32	0.183	2.031	0.813019065	0.846	0.115	0.32249031
2.804	0.162	2.566	0.696419414	1.656	0.107	0.316227766
2.357	0.176	2.128	0.546808925	1.147	0.106	0.298328678
2.685	0.219	2.353	0.628490254	1.184	0.089	0.260768096
2.448	0.291	1.969	0.790569415	0.67	0.125	0.317804972
2.572	0.248	2.332	0.772010363	1.277	0.141	0.356370594
2.59	0.202	2.239	0.732802838	1.069	0.111	0.288097206
2.734	0.144	2.688	0.748999332	1.637	0.105	0.316227766
3.072	0.097	2.83	0.66633325	1.904	0.026	0.077459667
2.133	0.137	2.046	0.763544367	1.339	0.07	0.250998008
3.058	0.109	2.861	0.755645419	1.608	0.054	0.197484177
2.639	0.128	2.332	0.465832588	1.606	0.047	0.178885438
4.22	0.132	4	1.122942563	2.003	0.037	0.141421356
4.431	0.145	4.222	1.10317723	2.224	0.039	0.158113883
4.478	0.089	4.266	0.677495387	2.947	0.023	0.083666003
4.152	0.074	3.963	0.658786764	2.726	0.023	0.077459667
4.593	0.078	4.323	0.744983221	3.001	0.026	0.063245553
4.05	0.241	3.888	1.203328717	1.815	0.193	0.428952212
4.138	0.12	4.074	0.869482605	2.601	0.067	0.244948974
4.941	0.085	4.75	1.150651989	2.724	0.044	0.178885438
4.019	0.191	3.761	0.878066057	2.482	0.115	0.336154726
5.465	0.121	5.104	1.223928102	2.939	0.029	0.104880885
6.33	0.094	5.834	1.457737974	3.264	0.024	0.09486833
7.131	0.13	6.675	1.487615542	3.766	0.024	0.054772256
6.736	0.076	6.556	1.544668249	3.546	0.047	0.122474487
7.693	0.095	7.281	1.802775638	3.201	0.033	0.04472136
8.301572	0.075	7.608143	1.992485885	3.228857	0.028	0.06436614
10.741	0.307	9.723	2.159629598	2.648	0.029	0.063245553
9.19	0.18	8.18	2.223285857	2.694	0.03	0.083666003
8.791	0.161	8.134	1.976107285	2.749	0.027	0.089442719
9.546	0.145	8.751	2.158703314	2.68	0.037	0
9.326	0.117	9.049	2.175316069	2.911	0.036	0.083666003
9.933	0.134	9.662	2.360932019	2.548	0.046	0.104880885
10.673	0.146	10.217	2.469412886	2.323	0.078	0.228035085
4.890714	0.198143	4.608428	1.20664825	2.419286	0.117	0.333809826
4.278	0.195	4.003	0.8336666	2.598	0.109	0.328633535
4.723	0.142	4.096	1.065363788	2.32	0.029	0.134164079
5.701	0.132	4.949	1.326649916	2.211	0.04	0.089442719
6.783	0.118	6.153	1.98871818	1.256	0.06	0.1
6.877	0.125	5.989	1.685229955	1.935	0.053	0.1
4.441	0.175	4.19	1.559166444	0.802	0.111	0.284604989
7.171	0.214	5.83	1.720755648	1.458	0.076	0.09486833
7.516	0.152	6.447	1.924837655	1.891	0.044	0
6.314	0.177	5.588	1.514265499	2.039	0.063	0.077459667
4.212	0.201	3.681	1.327780102	1.019	0.058	0.04472136
3.365	0.23	2.867	1.17686023	0.786	0.098	0.238746728
3.087	0.161	2.691	0.794984277	1.11	0.043	0.070710678
3.365	0.172	2.862	0.763544367	1.178	0.05	0
2.746	0.203	2.545	0.837257428	1.152	0.119	0.327108545
3.843	0.268	3.289	1.183638458	0.982	0.124	0.296647939
3.62	0.21	3.357	1.342758355	0.738	0.163	0.382099463
2.464	0.221	2.212	0.860813569	1.009	0.13	0.331662479
3.026	0.17	2.794	1.016366076	1.407	0.128	0.331662479
3.130125	0.205875	2.948875	1.176010204	1.036	0.142	0.358294572
2.716	0.199	2.311	0.863712915	1.018	0.09	0.281069386
3.858	0.159	3.734	1.382027496	1.123	0.093	0.284604989
2.914	0.164	2.703	1.167904106	0.838	0.094	0.282842712
2.383	0.181	2.089	0.667083203	1.133	0.065	0.225831796
3.204	0.198	2.702	0.906642157	1.245	0.027	0.077459667
3.149	0.142	2.913	0.743639698	1.87	0.042	0.158113883
3.947	0.17	3.783	1.077961038	2.065	0.07	0.219089023
3.18	0.2	2.834	0.786765531	1.567	0.046	0.130384048
3.331	0.187	3.013	1.2292274	1.197	0.1	0.270185122
3.142	0.174	2.761	0.73006849	1.793	0.029	0.1
3.945	0.179	3.797	0.747663026	2.593	0.041	0.04472136
4.801	0.139	4.459	0.957078889	2.749	0.032	0.077459667
4.947	0.118	4.913	1.139298029	2.685	0.053	0.137840488
5.742	0.114	5.539	1.390323703	2.837	0.035	0.141421356
5.506	0.235	5.241	1.100908716	2.976	0.104	0.27202941
4.973	0.188	4.82	1.406413879	2.034	0.099	0.254950976
4.892	0.109	4.718	1.199166377	2.472	0.051	0.164316767
5.958	0.178	5.83	1.535252422	2.713	0.101	0.289827535
6.288	0.141	6.183	1.3326665	3.479	0.038	0.114017543
