WT	DO	BOD	COD	TOC	pH	Cond	SS
5.4	14	4.7	8.7	4.9	8	530	6.4
3.1	15.6	5.9	12.1	7.1	8	554	16
3.271429	16.957142	4.3	11.071428	6.128572	8.685714	527.571411	18.228571
5.242857	16.128571	5.257143	10.957144	7.128572	8.5	535.714294	20.799999
7.95	14.375	4.65	8.700001	5.8	8.15	488.25	24
9.542857	13.771429	5.314286	8.928572	5.414286	8.071428	347.571442	18.799999
12.128572	11.542857	3.114286	6.571429	3.171429	7.2	259.285706	21.714285
16.6	12.9	5	8.1	2.4	9	294	6.4
21.83	12.22	6.97	7.13	4.41	8.36	284.700012	11.440001
23.5625	9.35	3.85	10.125	6.4	7.8625	358.75	9.35
25.700001	11.5	5.7	12.2	7	8.9	154	17.6
26.771429	9.785714	5.857142	14.057143	7.9	8.485714	244.714279	16.171429
27.214285	10.685714	5.071428	10.4	4.814286	8.171429	138.714279	22.228573
28.799999	11.3	6.6	8	3.7	8.3	151	14
30.428572	9.4	9.099999	10.542857	6.771429	8.685715	280.571442	13.885715
28.642857	7.485714	1.842857	6.057143	4.442857	7.685714	145.571426	9.257142
23.025	8.212501	1.1125	4.4875	4.35	7.45	103.75	13.700001
23.6	9.757143	2.571429	5.457143	2.914286	7.557143	179.571426	5.542857
21.185715	9.271428	2.828571	6.671429	3.214286	8.2	205.571426	7.257143
17.5	11.042857	4.242857	7.178572	3.842857	7.75	307.642853	9.314286
12.9	10.2	4.1	6.8	3.4	7.8	332	9.2
8.5	12.6	4.2	5.3	4.2	7.4	332	6.8
7.2	11.442857	4.1	5.371428	3.471429	6.542857	359.428558	6.914286
6.5	10.6	6.7	5.8	3.3	6.8	284	14.4
2.314286	16.685715	1.228571	4.4	2.214286	6.957143	487.285706	3.485714
7.942858	15.914286	3.142857	5.371429	3.485714	7.485714	390.714294	4.628572
3.166667	13.25	2.2	4.9	2.966667	7.833333	311.166656	5.4
6.7	9.5	2.8	5	4.4	6.7	258	2.8
10.474999	15.3625	5.3875	9.375	3.3875	8.85	259.875	19.899998
11.157143	11.228571	6.528572	6.328571	3.371428	7.8	207.142853	12.114286
13.785714	11.528571	3.6	7	3.442857	8.071428	307.142853	8.171429
15.914286	9.685715	4.128572	7.942857	6.142857	7.8	334.857147	5.428572
19	15	4.9	10.6	4.6	9	316	11.6
20.911112	7.522222	4.188889	8.144444	5.033333	7.222222	292.333344	12.8
25.799999	9.2	4.8	9	4.7	7.6	242	48.400002
28.357143	10.585714	3.585714	8.942858	4.628572	8.328571	179.857147	8.685715
24.914286	9.142857	1.8	5.585714	3.057143	7.228571	125	25.371429
28.4	7.4625	4.0375	6.4625	3.2875	7.425	264	9.35
32.200001	11.1	3.3	11.9	4.7	9.3	229	17.6
27.800001	9.428572	0.842857	6.671429	3.814286	7.614285	134.428574	9.6
25.4	14.6	4.7	6.8	3.1	8.8	244	8.4
26.174999	10.225	2.6	6.65	3.175	8.55	224.25	6.9
23.385715	10.842856	3.528571	6.657143	3.228571	8.4	254.142853	7.542857
18.950001	13.066667	3.65	7	3.5	7.683333	285.5	10.533333
12.771428	10.771429	4.257143	6.757143	3.171429	7.742857	267.285706	11.2
9.757143	11.728571	3.442857	6.014286	3.314286	7.714286	277	12.571429
8.414286	10.814285	2.5	5.814286	3.114286	7.571428	329.571442	6.285714
6.4875	13.0125	3.2625	6.0375	3.0125	7.725	417.5	5.8
5.085714	13.428572	2.157143	7	2.871428	8.1	361.285706	9.6
4.4	15.271428	3.942857	7.757143	3.442857	8.085714	379.428558	10.857143
5.285714	13.557142	6.071428	8.485715	4.171428	7.914286	253.142853	10.857142
7.5	15.9	5.5	9.4	4.8	8.2	249	13.6
8.785714	11.8	4.242857	9.285714	4.585714	7.742857	444	10.914286
11.9	11.6	4.4	8.8	4.1	8	317	9.6
15.928571	11.528571	3.157143	7.8	3.457143	8.171429	257.428558	5.142857
18.299999	11.3	4.8	9.2	4.5	8	320	7.2
20.685715	9.114285	5.014286	8.771428	4.342857	8.114285	262.714294	3.657143
23.357143	8.185715	2.685714	9.3	4.857143	7.985714	258.285706	6.857143
25.757143	14.357143	6.514286	11.957143	5.428572	9.071429	239.571426	9.657143
25.799999	9.9	3.8	9.9	5.6	7.9	254	9.6
24.1	8.7	3.9	9.412499	4.8375	7.55	232	8.049999
27.606667	7.9	1.98	7.126667	3.72	7.313334	66.466667	6.24
26.433332	12.477777	4.822223	7.144444	3.977778	8.622223	150.444443	9.644444
23.585714	7.414286	0.657143	5.271429	3.085714	7.285715	118.571426	15.257143
25.6	9.6	4.9	5.7	3.6	8	178	7.6
25.114286	9.200001	3.142857	7.414286	4.128572	7.942857	268.142853	7.942857
21.285715	10.814285	4.357143	7.685714	3.642857	8.142857	255.571426	11.942857
19.200001	14.7	3.8	6.9	3.8	8.3	307	8.8
14.128572	12.742857	5.328571	7.571428	3.257143	8.314286	205.142853	13.085714
12.6	14.8	4.8	8.1	3.6	7.7	112	54
11.2	12.7	2.1	6.3	3.2	8.4	262	12.8
6.1	18.9	2.2	5.3	2.8	8.8	241	4.4
4.4	14.8	2	5	2.8	8.3	400	4.8
6.728571	17.885715	2.814286	7.385714	3.1	7.914286	354.142853	4.4
6	11.514286	4.428571	6.871428	4.185714	7.742857	381.142853	6.857143
4.585714	16.5	3.028571	7.628572	3.485714	6.371428	394.714294	7.771428
8.871428	12.485715	5.442857	8.614285	4.042857	8.3	379.428558	14
13.1	10.5	5.9	9.5	4.6	7.8	342	12.4
14.342857	8.642858	4.828571	9.442858	4.128572	7.528572	338.428558	10.400001
17	8.7	4.8	7.9	4.7	7.5	301	8.8
21.040001	11.059999	4.76	10.42	4.24	8.38	244.600006	9.92
23.9	10.1	8.2	14.3	4.9	8.1	360	14
25.828571	12.128572	5.871428	10.6	6.5	8.6	332.857147	15.200001
25.424999	9.4625	6.4375	11.325	5.85	7.825	269.75	13.15
24.799999	6.5	2.7	9.9	5.6	7.3	280	6.4
29.1	8.05	5.5	9.4	4.05	8.2	201.5	10.2
29.414286	7.657143	6.071429	9.671429	4.757143	8.014286	285	12.228571
26.037498	8.8875	4.275	9.849999	3.8375	7.5625	160.25	8.5
24.799999	8.4	3.1	6.8	3.8	8	218	6.8
23.262501	8.5375	3.65	7.45	3.925	7.4375	284.5	9.5
19.885714	10.942858	5.685714	10.342857	3.957143	7.971428	158.857147	10.971429
19.314285	8.8	3.814286	8.371428	4.014286	7.542857	341	9.2
15.7	9.242857	3.914286	10.471429	3.828571	7.714285	364.571442	8.628572
11.175	8.625	2.8125	6.6	3.625	6.9375	289.625	5.7
8.185715	11.400001	2.228571	6	3.014286	7.271429	364.714294	5.028572
7.6	12.2	1.8	5.1	2.9	7.5	336	4
5.8	17.299999	4.7	7.2	3.3	8.7	368	8.8
1.9	16.35	2.375	5.05	2.55	8.224999	333.25	4.6
3.4	13.724999	2.8125	6.175	3.175	7.7875	363.875	8.1
6.7	14.4	3.8	6.1	3.1	7.6	400	5.6
7.8	10.7	4.3	8.1	3.1	7.7	376	9.2
6.8	12.7	2.1	6.5	3.5	7.6	304	4.8
6.722222	12.622223	4.433333	6.966667	4.044444	7.677778	324.222229	7.6
12.6	9.5	3.8	8	4.1	7.5	218	43.200001
8.6	11.2	1.8	6.2	3.2	7.6	235	6
15.1	9.8	2.8	6.3	3.6	8.2	269	8.8
13.35	11.6375	6.3	10.325	4.3875	8.4625	300.5	12.3
15.5	12.5	4.8	8.3	5.3	8.1	214	7.5
18.5	11.6	6.2	8.4	5.4	7.8	284	10
15.7	7.1	4.5	6.6	5.7	6.9	201	26
19.200001	9.9	2.6	5.6	4.2	7.5	181	9.7
19.1	10.2	2.4	5.6	3.8	7.1	184	12.9
19.4	10.5	3.7	6.1	4.1	7.2	196	11.3
21	12.2	7.3	8.5	5.8	7.5	234	16.200001
22.3125	9.575	8.875	11.3	6.7625	7.5	267.25	13.6625
23.924999	7.775	5.875	9.525	6.3	7.275	293	9.400001
23.299999	7.6	4.2	7.5	5.9	6.8	320	7.7
25.200001	8.2	3	7.7	6.5	7.2	288	8.5
26	8.9	2.6	8.7	6.8	7	288	9.5
25.700001	11.7	6.7	10.9	6.9	7	136	14.6
22.700001	8.6	3.4	5.6	5.1	7	129	29.200001
28.4	10.4	5	7.8	4.9	7.7	170	12
27.6	11.1	5	7.8	5.3	7.7	227	8.6
30.6	11.6	5.2	8.8	5.8	7.7	274	13.6
34.599998	16.200001	9.7	17.200001	10.6	9.5	300	21
33.299999	11.5	7.8	17.4	8.2	8.9	285	28.5
31.6	9.5	4.7	7.9	7	7.4	271	11.1
31.6	9.5	3.7	9.3	6.5	8	298	10.5
26.200001	5.7	2.4	7.5	5.9	7.3	227	8.1
27	12.8	4.5	9.2	6.1	8.4	270	12.4
25.200001	7.8	4.5	6.7	6.4	7.6	296	6.8
21.799999	8.5	2.5	7.3	4.9	7.7	151	10.2
23.200001	10.7	4.4	7.1	5.3	7.1	243	7
23	7.3	3.8	6.1	4.8	7.3	224	8.3
18.299999	10.5	1.6	5.9	4.2	6.6	163	11.1
18.700001	7.3	2.5	5.9	3.8	8	181	16
19.200001	7	2.1	5.2	3.2	7	198	6.8
14.5	9.9	2.8	5.1	3.8	7.6	316	5.7
13.8	15.3	4.5	7.2	4	7	301	8.9
14	14.6	4.8	7.5	5.2	7.8	356	9.9
14.1	12.7	4.1	6.6	4.6	8	336	8.2
9.8	11.2	4	6	4.5	7.5	355	4.7
9.3	12.6	4.3	6.6	4.9	8	412	6.5
7.7	13.6	5	7.8	5.3	7.6	432	10.6
7.4	15	4.2	7	5.6	8.4	457	8.9
8.8	11.1	4.7	6.8	6.1	6.8	409	6.6
5.1	14	3.7	6.2	5.3	8.7	328	6.2
7	14.7	3.8	6.8	4.9	7.9	372	6.6
4.5	15.2	4.4	7.6	5.1	7	371	12
4.677778	13.955556	4.577778	6.977778	5.633333	7.533333	378.111115	9.6
4.871428	13.285714	4.685714	7.757143	5.785715	7.771429	455.285706	13.242857
5.3	15	4.9	8.1	6.7	7.9	452	11.8
6.8	13.7	6	9	7.2	7.9	402	13.8
7.3	10.6	6.9	10	7.6	8.9	461	19.4
7.6	8.1	6.5	8.9	7.1	8	353	10.7
8.7	10.4	6.3	9.4	6.4	8.1	366	14.9
9.6	10.9	6.9	9.4	7.5	8	381	12.5
11.1	12.4	7.5	10.2	8.7	8.3	444	12.6
11.5	7.9	7.6	11.1	7.1	8.2	411	10.7
16.1	12.8	7.7	10.5	7.1	7.9	353	7.2
18.6	8.9	4.9	7.1	6.1	7.7	239	6
18.799999	10.6	6.9	9.4	7.3	7.8	273	9.8
19.6	14.5	8.9	13.9	9.6	8	305	14.6
20.857143	9.757143	7.757143	12.071428	8.228572	7.6	369	9.285714
21.799999	6.2	6.9	10.7	7.2	7.3	417	5.3
21.4	8.8	7.1	11.6	7.6	7.7	415	4.6
24.9	18.5	8.1	16.700001	10.6	8	404	21.299999
24.6	14.6	6.4	14.8	9	8.2	432	16.299999
24.4	11.5	7.9	15.4	10.6	7.9	413	13.7
23.9	13.3	8.8	14.4	12.1	8.2	339	14.4
27.5	10.7	7.3	15.3	10.2	7.8	328	11.7
26.299999	9.7	6.3	15.3	10.5	7.5	390	16.4
26.5	7.1	5.5	13.2	9	7.5	252	20.1
26.799999	6.6	4	8.1	6.7	7.3	204	10.4
26.299999	5	2.5	7.5	5.5	7.2	129	12.6
28.5	8.5	3.4	7.4	5.5	7.9	189	5.7
30.4	10.4	3.8	9.1	6.55	8.2	208.5	8.7
32.299999	12.3	4.2	10.8	7.6	8.5	228	11.7
28.200001	6.5	3.1	7.7	6.2	6.9	341	8.4
26.9	6.3	3.7	8.3	6.2	7.1	259	22.299999
26.6	7.7	2.1	6.6	4.9	7.2	171	8.3
25.700001	14.8	5.5	8	6.3	7.9	256	7.9
22.799999	11.6	2.3	7.1	5.3	7.6	158	17.9
23.700001	9.5	6.9	9.2	6.8	7.7	213	10.8
24.5	10.5	4	7.3	5.8	7.4	317	5.6
24	11.1	3.8	6.9	4.9	7.2	305	6.8
19.200001	6.4	3.9	6.1	4.7	7.2	382	6.4
18.5	10.4	5.1	8.1	5.6	7.1	437	8.1
16.6	8.7	4	7.6	5.1	7.2	462	8.6
15.1	9.5	2.5	6.7	5.3	7.2	386	6.7
13.5	13.6	4.3	8.1	5.8	7.1	398	9.5
10.2	13.2	6	9.2	7.5	6.2	421	15.2
8.6	14.4	7.2	10.7	8.1	7.2	433	21.4
7.7	13.7	6.6	10.7	7.9	8	526	20.5
6.3	14.7	5	8.9	6.8	7.8	532	11.7
4.7	12.8	4.3	8.1	6.6	7.1	482	10.5
6.9	9.2	7.6	13.1	10.2	7.2	404	26.299999
4.8	13.2	7.2	11.6	8	8.4	461	13.6
5	13.3	6.9	12.1	8.4	8.2	475	14.7
8	15.3	7	11.4	8.5	7.6	486	14.4
6.2	16.5	6.8	11	8.8	8	521	15
2.8	16.9	6.8	11.3	8.4	7.9	558	17.1
3.3	8	6.9	12.3	9.3	7.9	471	15.9
4.3	11.8	6.1	10.7	8.4	8	614	14.1
5.9	18.200001	7.8	13.8	10.4	7.1	493	19.299999
7.8	18	6.9	13.1	9.4	7.8	449	18.4
10.7	15.5	7	12.8	9.6	7.5	473	15.1
10	12.8	6.3	11.4	8	7.7	367	18.1
11.7	9.9	6.2	11.5	7.8	7.2	233	59.700001
12.5	9.7	3.9	7	5.3	7.2	293	8.9
19	12.8	6.7	9.5	8.1	7.6	469	19.4
13.1	14.3	3.6	7.9	5.5	7	352	19
14.9	10.9	4.9	8.2	6.1	7	272	20
19	9.4	5	8.6	6.5	6.7	350	21.4
20.299999	10.1	3.7	7.4	5.3	7.3	287	15.2
18	8.3	3.3	9.2	5.6	6.7	210	21.5
20.5	8.8	4.5	8.3	6.3	6.9	233	22.5
20.700001	8.1	4.5	10.2	7	7	332	17.6
23	9.4	6.9	11.9	7.6	7.3	332	16.700001
26.700001	12.8	8.4	14.1	9.7	7.9	348	12.8
25.4	10.4	6	12.3	8.7	7.7	359	14.6
26.6	10.4	8.9	16.700001	11.5	8.2	352	19
27.5	10.1	9.1	17.9	10.2	8	370	20.9
26.25	9.25	6.75	12.549999	7.8	7.35	310.5	17
25	8.4	4.4	7.2	5.4	6.7	251	13.1
31.5	8.5	6.1	11.9	6.8	7.6	324	10.7
30.9	7.7	8	13.1	8.7	7.7	389	13.1
32.200001	10.6	10.7	17.299999	11.9	8.8	400	27
31.9	6.9	7.9	15.3	10.7	8.3	390	12.4
31	9.5	6.6	13.3	8.6	7.9	285	13
29.9	15.6	8.1	13.4	9.3	8.7	341	14.8
23.9	10.6	2.8	10.8	6.9	6.6	114	95
24.1	10	2	5.6	4.4	7.1	176	7.6
23.799999	9.3	2.2	5.3	4.3	7.3	235	5.1
25	10.2	6.3	9.4	4.9	7.5	285	16.9
22.799999	11.4	6.4	11.6	8.3	8.6	298	13.6
22.6	10.5	4.8	9	6.8	8	310	12.7
19	10.7	2.4	6.5	5.4	7.3	150	10.9
17.799999	11.5	4.1	7	5.5	7.8	283	7.7
16.700001	9.8	4	7.1	6.5	8.1	333	9.5
15.8	7.3	4.5	7.5	7.1	7.7	353	8.5
14.1	11.4	6	8.2	7.9	7.6	384	10.8
14.7	11.5	5.5	7.6	6.3	7.5	319	15.2
11.2	14.5	5.7	8.4	7.1	7.6	321	19.700001
9.9	14.7	5	9	7.4	7.9	348	12.5
11.1	9.4	5.8	12.1	8.4	7.5	435	49.299999
3.9	13.5	4.4	7.3	6.6	7.5	374	9.6
5.2	13.6	4.1	8.4	7.2	7.5	441	14.9
7.6	13.5	3.2	7.1	6.6	8.2	428	11.3
4.1	13.1	3.5	8.5	7.1	8.1	428	10
5.4	15.3	3.6	8.3	7.1	7.4	439	11
5	15.1	3.9	8.2	6.3	8.2	420	14
5.6	14.9	5.6	11.8	8.9	8.3	444	21.700001
8	11.1	6.3	13	9.9	7.9	394	19
5.4	15.5	6.8	14.1	9.7	9	401	24.6
5.1	12.7	5.6	13	10.4	8	442	24.799999
9	15.4	6.9	14.3	10.4	9	354	18.799999
11.7	12.5	6.1	12.8	8.3	7.8	405	25.1
11.2	11.6	6.1	12.6	8.8	8.1	388	25.200001
11.1	10.4	6.9	14.8	10.1	7.9	395	31.799999
10.7	10.4	3.4	8.8	7.5	8.1	316	20.9
13	7.7	4	8.8	6.4	7.3	459	10.9
14.7	7.6	3.9	8.5	7.1	8.3	439	9.5
13.6	14.1	4.1	8.9	7.4	7.9	330	16.799999
17.799999	10.4	5.5	11.5	8.2	8.2	392	12.7
14.8	7.5	4.5	9.4	6.5	7.5	295	20.700001
18.700001	9.6	7.4	12.2	8.8	7.7	386	13.4
20.6	9.8	5.9	12.8	7.8	7.7	401	10.5
20.299999	8.4	4	16.1	12	7.5	317	10
19.9	8.2	5.7	11.6	7.1	7.5	255	17.700001
21.9	7.4	6	12.4	8.9	7.5	323	15.9
23.9	6.9	5.5	11.4	7.2	7.4	240	13.1
23	9.9	6.1	12.9	7.8	7.7	319	13.7
24.5	8.1	5.9	13.4	8.3	7.2	346	15.5
23.985714	9.8	4.414286	9.271428	6.285714	7.085714	179.571426	12.657143
28.1	8	3.9	8.5	7.4	7.6	291	8.2
25.6	6.7	4.6	9.6	7.5	8	231	11.7
24	8.6	2.3	6.7	5.6	7.3	167	10.8
26.299999	7.4	2.3	7.2	5.6	7.3	158	19.799999
28.6	8.1	3.5	8.9	6.9	7.7	291	7.1
25.200001	9.5	3.3	13.6	9.2	7.6	291	86.599998
28.9	7.4	5.3	10.7	9.9	7.7	276	18.299999
23.5	8.5	3.2	19.1	12	7.4	278	12.1
24.799999	8.4	5.4	7.5	7.1	7.3	298	10.6
25.6	7	4.4	6.9	4.6	7.3	212	7.8
26.700001	9.1	5.5	8.2	6.1	8.1	270	15.5
17.1	10.9	2.2	6	3.9	7	158	7
21.5	11.5	3.5	6.1	4.7	7.1	252	5.3
17.9	7.2	1.7	4.5	2.8	7.1	213	6.6
20.6	11.2	4	6.7	4.8	8.1	245	11
19.6	13.5	5.5	9.1	6	9	307	14.7
14.1	12.7	4.6	7.2	6	7.1	352	9.9
13.7	12.5	5.8	7.7	6.7	7.6	390	11.9
10.9	12.4	4.9	7.6	6.4	7.4	431	9.3
14.1	9.5	4.1	7.9	6.8	7.6	398	3.3
12.6	10.4	4.5	7.2	6	7.8	378	6.8
10.4	10.1	5.6	7.9	6.5	7.7	425	10.2
7.2	14.5	6.8	12.2	8.5	8.5	404	21.6
8.2	14.2	6.4	9.7	7.5	8.3	448	15.8
7.3	12.8	6.1	10.9	8.1	7.7	452	16.5
5.8	14.1	6.2	9.4	7.8	8	388	15.1
6.5	11.5	5.3	7.3	5.5	7.4	272	9.1
5.7	12.6	3.5	7.6	5.4	7.4	313	7.7
9.1	11	5.4	8.9	6.6	6.9	353	10.9
9.6	8.9	5.9	9.3	6.6	7.2	335	12
6.4	13.2	6	8.8	6.5	8	347	12.6
7.4	12.6	6.2	11.3	6.5	7.7	364	16.700001
10.6	12.7	5.7	12	6.7	7.9	390	18.4
11.1	12	4.7	8.2	6.2	7.8	352	15.4
10.9	11.7	5.9	8.5	6.5	7.4	327	16.799999
12.3	13.7	6.8	13.2	7.6	7	312	21
13.7	10.9	6.7	11.6	7.4	7.8	358	15.9
13.3	10.6	6.1	9.1	6.4	7	297	10.8
14.2	9.4	5.7	11.7	6.8	7.9	374	13.2
14.1	9.6	6.9	13.3	8.1	7.6	414	12.5
15.2	8.1	6.4	11.8	7	7.2	304	14.1
16.200001	11.6	5.8	11.2	6.1	8.1	236	13.6
20.9	6.4	6.4	11.8	7.5	7.1	380	13.8
18.9	6.7	4.8	9.1	5.4	7	256	12.3
21.6	8.7	5.5	9.5	6.7	6.8	255	8.9
21.299999	7.1	5.6	10.2	6.2	6.9	305	13.9
23.1	7	5.8	10	7.3	7	325	15.7
27.1	6.8	6	11.7	6.9	7.3	321	12.2
23.799999	6.7	6.6	9.8	6.9	6.8	172	14.8
25.4	7.8	5.7	9.4	7	7.1	209	14.3
22.799999	7.8	5.5	9	6.3	7	177	13.9
23.700001	8	5.3	8.4	5.6	7.1	232	12.1
20.6	8.5	3	6.7	4.7	6.8	137	24.5
25.299999	8.6	3.9	6.6	4.7	7	213	12.9
23.200001	8	3.2	5.7	3.6	7.1	153	10.5
25.799999	7.7	2.9	5.4	3.7	7.6	171	13.1
29.549999	8.616667	4.716667	7.233333	4.833333	7.566667	200	9.783333
29.799999	8.2	4.3	7.9	4.5	7.4	230	9.2
28.299999	7.2	4.9	7.9	5.1	6.7	155	47.900002
21.799999	8.2	3.7	6.4	3.9	7.2	134	26.1
23.200001	8.2	3.1	5.6	3.5	7.3	158	14.8
22.799999	9.4	5	5.9	3.8	7.6	201	8.5
23.6	11.1	5.3	9.7	5.7	9.1	263	16
22.200001	10.6	6.9	11.7	7.2	7.7	283	20.299999
20.9	12.1	5.7	13	5.9	9.2	337	20.5
17.299999	12.7	5.3	12.3	5.7	8.7	323	22.299999
15.7	11.1	4.7	10.2	5.1	8	340	18.9
15.7	10.6	4.5	10.2	4.7	8.1	388	16.700001
13.4	12.4	4.3	9.4	6.1	8.5	385	15.5
12.8	12.6	4.2	8.2	4.4	8.4	387	8.9
12.9	9.4	3.9	7.4	4.6	7.6	381	8.3
9.9	11.6	4.2	7.9	4.4	7.5	384	7.4
7.8	14.4	4	10	4.1	8.4	375	13.1
6.6	13.6	3.9	8.8	4.2	8	426	14.5
4.5	16.200001	4.5	10.2	4.7	8.3	455	16.299999
5	15.7	5	11.9	5.5	7.9	465	20.299999
4.4	15.1	4.8	8.9	5.1	7.8	510	25.200001
5.3	15	5.3	11.3	7.1	7.9	492	21.200001
8.2	12.4	4.7	10.3	5.1	7.5	436	12.1
6.8	13.5	5.9	10.8	7	8.2	374	15.3
6.8	13.8	5.8	9.5	6	8.4	419	15.5
9.1	12.3	4.9	10.9	5.7	8.2	399	13.4
8.4	14	5	11.7	6.6	8.4	408	15.9
11.4	8.1	4.3	12.4	5.6	7.3	286	33.900002
12.1	10.9	5.1	8.8	4.7	7.5	331	16.9
13.3	11.1	5.7	9.2	5.2	7.8	355	14.9
13.3	10.7	4.9	9.1	5.6	8	354	17.799999
14.3	9.1	4.2	7.6	4.4	7.4	218	30.1
15.4	10	5.7	7	5.2	7.6	245	19
17.5	12.2	5.8	12.2	4.6	9.5	259	21.9
15	12.1	6.1	12.4	4	8.9	273	19
20	9	3.9	9.4	4.8	7.9	346	10.8
17.799999	9.7	4.9	9.9	5.3	8	339	14.6
19.200001	7.4	4	9.5	5.2	7.3	304	13
20.799999	6.9	2.9	10.2	5.9	6.9	188	30.9
23.4	11.8	8	12.6	8.2	7.8	274	22
23.700001	7.2	5.1	11.3	6.3	7.4	275	17.1
24.1	9.3	4.7	11.9	8.1	7.7	261	27
26.6	8.5	6.1	11.8	7.6	7.5	224	19.200001
25.700001	9.2	8.6	13.2	8.6	7.5	265	20.799999
27.799999	8.8	7.5	12.5	7.8	7.6	265	15.8
25	6.4	6.7	8.4	6.9	6.8	219	15.6
26.9	7.8	6.9	6.4	4.6	7.4	184	11.6
29.5	6.2	4	7.2	4.9	7.8	243	10.9
30.1	6.9	4.8	10.7	7.6	8.3	287	16.6
30.200001	7.3	10	13.4	6.9	7.2	254	28.200001
27.5	6.3	3.9	7.5	6.3	8.5	187	36.799999
28.4	7.6	8.5	9.3	6.4	7.6	247	14
24.5	6.9	2.5	5.3	4.1	6.9	213	9.6
26.299999	10.7	5	7.5	5.3	7.6	272	12.1
25	9.3	4.1	7.5	5.5	7.9	219	9.6
25.299999	9.5	4.9	7.3	5.6	7.8	266	8.2
25.4	8.5	5.9	7.7	6	7.6	271	11.6
23.299999	7.7	5.5	7.6	6.1	7.4	366	19.799999
17.6	11.2	6.4	7.9	6.8	7.9	361	18.1
15.4	13.1	5.9	8.2	6	8.4	364	15.2
16.1	11.3	4.3	7.5	4.4	8.1	377	10.9
16.1	11	4.5	7.9	4.7	7.9	395	20.4
12	8.2	4.2	6.9	4.5	7.2	309	7.4
12.7	10.2	4.2	7.9	4.5	7.3	355	3.8
10.6	10.4	3.3	7.2	4.5	7.1	394	7.1
8.5	11.9	5.5	7.1	5.7	7.4	349	12.4
9.4	13.4	5.8	8.6	6.1	7.7	405	14.8
6.5	13.3	5.5	8.1	5.6	7.7	429	12.8
4.4	15.1	5.9	11.2	6.2	8.4	421	15.6
5.1	16.299999	5.6	10.9	10.1	8.6	430	23.1
5.1	17.799999	6.7	11.9	7.6	8.5	424	17.5
5.742857	16.228571	6.271429	11.9	6.742857	8.285714	429	16.285715
6	16.299999	6.6	12.2	8.2	8.3	460	18.299999
5.4	17.299999	7.7	12	8	8.3	451	21.700001
7.5	16.6	6.4	10.6	7.4	8.4	425	18
6.2	15.1	7.8	14.7	8	8.3	460	18.799999
7	15.5	7.2	11.9	7.8	8.5	454	14.7
9.8	12	6.2	12	7.2	7.5	461	15.6
13.9	8.4	6	11.1	6.9	6.9	502	10.1
12.057143	9.371428	8	9.200001	6.742857	6.8	273.285706	23.157143
12.1	9.8	8.4	9.1	6.7	6.8	242	25.5
13.7	12.6	8	13.1	7.6	8.1	298	17.5
16.799999	8.8	13.2	15.4	6.8	8	362	18.700001
18.799999	6.7	9.2	11.9	7.2	7.7	403	8.9
19.9	6.4	11.6	14	7.8	7.4	399	11.9
19	5.8	8.2	9.5	6.7	7.1	354	8.7
21.5	10.8	15.3	16	9.1	7.6	414	19.799999
20.5	10.6	10.9	13.8	8.7	7.5	455	12.4
23.1	12.8	11.7	15.5	10.8	8.3	446	20.4
24.299999	7.2	7.6	14	7.8	7.6	399	13.8
23	6.4	7.3	12.7	8.4	7	281	14.5
24.6	8	7.4	12.2	8.5	7.2	281	19
25.9	10.8	9.5	15.6	9.7	7.7	357	15.2
27.700001	6.8	4.5	11.9	8	7.3	243	12.9
29.799999	4.1	7	12.6	9.1	7.1	340	15.4
29.6	5.9	7.2	13.1	8.2	7.2	336	21.799999
25.700001	6.6	5.7	7.8	6.2	6.7	216	20.1
25.5	5.5	3.4	7.8	6.2	6.6	215	15.4
26.987501	5.7625	3.75	7.5375	5.675	6.775	250	12.775
30.6	7.3	4.8	11.3	6.7	7.3	279	17.9
28.6	5.9	6.1	8.6	6.2	6.8	297	12.3
28.6	6.7	4.6	8.4	5.5	6.7	239	14.2
26	8.5	4.8	9.3	7.3	7.3	285	15.9
26.1	8.1	4.4	9.6	7.6	7.1	313	24.799999
25.5	13.7	4.9	8.4	5.7	7.3	268	11.8
27.5	7.4	4	8.5	5.9	7.2	334	12.9
22.9	10.1	5.2	9.8	6.5	7.6	321	17.299999
22.1	5.9	6.3	8.5	6.1	6.5	248	17.799999
19	10.3	5	9	6.6	7.4	327	22
19.5	11.5	4.5	9.5	7	7.8	377	18.6
16.799999	11.6	6.8	11.2	7	7.9	417	17.4
16.700001	9.5	3.4	9.2	5.6	7	447	9
14.4	11.6	6.1	12.1	6.3	7.4	455	14
14.9	8.4	5.2	9.5	6.8	6.8	434	12.6
14.3	8.1	5	8.4	5.9	6.8	385	9.4
12.8	9.8	5	9.1	6.1	6.8	424	9.3
7.5	10.4	4.6	9.1	5.8	6.9	450	7.3
7.1	12.6	6.6	9.5	6.2	7.3	491	11.9
